    Overall    Thread1    Thread2   Load imbalance thread1 thread2

v0: (in seconds)
1)  32.782756

v1: (in seconds)
1)  27.583197
2)  27.190800
3)  27.288971
4)  27.269529
5)  27.275907
6)  27.230559
7)  27.199869
8)  27.209255
9)  27.320544
10) 27.360263

v2:
1)  28.261417  4.925005    28.261369   23.336364
2)  27.159293  4.704925    27.159248   22.454323
3)  27.353243  4.739209    27.353208   22.613999
4)  27.481069  4.804199    27.481030   22.676831
5)  27.364836  4.787734    27.364788   22.577054
6)  27.345997  4.793881    27.345960   22.552079
7)  27.299322  4.751091    27.299277   22.548186
8)  27.278884  4.760405    27.278855   22.518450
9)  27.390043  4.790542    27.389996   22.599454
10) 27.371107  4.821780    27.371069   22.549289

v3:
1)  17.010924  17.010919   153587732   1.423187
2)  17.220470  17.220466   15.779886   1.440580
3)  17.229504  17.229499   15.799980   1.429519
4)  17.038970  17.038965   15.615545   1.423420
5)  17.198211  17.198139   15.774694   1.423499
6)  17.171740  17.141736   15.747832   1.423904
7)  17.092098  17.092093   15.656318   1.435775
8)  17.172386  15.741341   17.172338   1.430997
9)  17.149006  17.149002   15.726623   1.422379
10) 17.098305  17.098300   15.675282   1.423018

v4:
1)  16.675203  16.675098   14.846655   1.828443 24 26
2)  16.562720  14.725467   16.562639   1.837172 23 27
3)  16.852968  15.470265   16.852910   1.382645 23 27
4)  17.087032  17.086937   15.673142   1.413795 26 24
5)  16.611970  15.240432   16.611889   1.371457 23 27
6)  16.746820  16.746738   14.913856   1.832882 24 26
7)  16.553356  16.553306   14.711269   1.842037 24 26
8)  16.911893  15.510089   16.911826   1.401737 23 27
9)  16.638036  16.637985   14.808711   1.829274 24 26
10) 16.831133  16.830903   14.879746   1.951157 24 26
